//1
500
0.243 0.249 0.251 1
0.328 0.326 0.328 100
0.384 0.395 0.385 500
1000
3.328 3.328 3.312 1
2.507 2.497 2.492 100
2.776 2.761 2.768 500

//2
500
0.244 0.134 0.151 1
0.351 0.224 0.216 100
0.386 0.394 0.4 500
1000
3.326 2.021 2.369 1
2.532 1.371 1.48 100
2.913 1.627 1.935 500

//4
500
0.238 0.127 0.135 1
0.341 0.213 0.224 100
0.609 0.426 0.44 500
1000
3.601 2.154 2.43 1
2.532 1.467 1.45 100
3.245 1.637 1.921 500

//8
500
0.236 0.144 0.133 1
0.336 0.213 0.216 100
0.409 0.409 0.407 500
1000
3.352 1.918 2.364 1
2.501 1.336 1.34 100
2.795 1.494 1.943 500